12345611
12345612
12345613
12345614
12345615
12345616
12345617
12345618
12345619
12345621
12345622
12345623
12345624
12345625
12345626
12345627
12345628
12345629
12345631
12345632
12345633
12345634
12345635
12345636
12345637
12345638
12345639
12345641
12345642
12345643
12345644
12345645
12345646
12345647
12345648
12345649
12345651
12345652
12345653
12345654
12345655
12345656
12345657
12345658
12345659
12345661
12345662
12345663
12345664
12345665
12345666
12345667
12345668
12345669
12345671
12345672
12345673
12345674
12345675
12345676
12345677
12345678
12345679
12345681
12345682
12345683
12345684
12345685
12345686
12345687
12345688
12345689
12345691
12345692
12345693
12345694
12345695
12345696
12345697
12345698
12345699
